0
30
0
0
32
0
0
0
13
0
0
0
0
8
0
20
16
0
0
0
0
0
23
0
8
0
0
0
0
0
0
0
20
0
25
0
17
19
0
0
0
0
0
14
0
31
21
1
0
0
0
0
0
13
0
0
20
0
10
0
0
0
1
0
0
0
0
0
14
0
9
6
25
0
0
0
0
6
0
29
0
14
0
0
17
0
0
0
0
0
0
21
0
0
7
0
0
0
0
0
0
5
0
0
0
5
3
14
0
0
0
5
0
0
0
0
0
0
0
0
0
0
4
16
39
18
2
43
0
3
7
0
0
0
11
17
0
0
29
0
0
5
0
42
0
15
0
15
16
25
0
0
0
0
0
0
0
0
41
0
4
3
0
0
13
0
22
0
42
0
0
0
5
33
0
0
0
0
0
0
13
0
36
43
0
0
13
17
0
2
3
0
4
0
0
0
17
6
5
0
0
0
0
0
0
0
0
0
0
0
18
0
0
14
0
0
0
0
15
0
8
0
0
22
7
2
0
0
0
12
0
0
21
0
0
1
0
0
0
13
14
0
0
13
7
0
9
54
0
0
0
26
0
0
0
0
32
0
0
0
0
0
1
52
37
0
0
0
0
74
18
0
0
0
5
21
0
47
0
0
0
0
0
0
0
0
14
34
0
0
0
37
0
0
8
4
38
36
15
0
39
0
0
33
0
0
19
2
0
0
37
0
0
0
0
20
0
0
12
0
0
0
0
44
0
0
75
0
0
34
29
0
0
3
0
0
26
0
0
7
0
0
0
3
15
0
30
0
48
18
0
3
0
0
0
0
0
0
0
0
56
0
0
0
0
40
0
0
0
0
20
0
8
0
0
0
26
33
0
34
0
0
6
0
10
0
0
41
0
38
0
0
0
0
0
21
0
37
0
0
15
0
0
0
0
0
0
0
14
11
46
0
69
0
0
0
0
0
0
0
0
0
0
67
2
0
0
62
13
0
65
0
0
44
0
0
0
18
0
0
0
0
0
0
26
6
26
0
0
0
62
0
0
32
0
0
0
23
8
0
0
40
0
0
13
12
0
0
31
0
66
0
28
0
57
0
17
0
0
0
0
0
0
0
0
0
0
0
0
52
0
0
0
0
15
0
0
0
35
0
0
0
0
0
35
0
0
0
49
0
21
0
2
0
8
19
7
5
12
0
3
0
0
0
0
6
10
0
0
3
0
8
9
0
9
20
16
11
22
13
0
0
0
0
0
0
0
0
0
0
12
0
3
16
0
14
0
3
0
0
0
0
4
27
0
1
19
0
0
12
22
2
0
28
0
7
0
0
0
0
4
0
2
12
4
0
0
0
0
4
20
0
42
0
0
0
0
1
0
0
0
0
7
0
31
0
0
0
0
1
0
0
31
3
0
2
0
0
0
0
6
0
0
0
16
0
12
0
36
0
0
0
4
4
0
1
0
11
5
0
1
0
0
6
14
1
7
0
0
0
5
7
0
18
4
4
0
0
0
27
0
0
15
0
0
0
0
0
14
0
10
0
1
9
0
0
0
0
4
0
0
0
10
12
0
0
0
8
24
21
13
0
0
15
2
0
5
0
0
0
6
0
0
3
0
20
0
0
0
0
15
0
3
0
37
26
0
0
2
0
0
13
0
0
0
0
22
0
0
1
10
0
14
0
0
0
0
0
0
12
0
0
7
0
0
0
0
0
0
0
0
0
0
0
0
0
5
0
0
0
0
0
12
0
28
1
0
0
0
0
0
0
0
43
0
0
0
0
0
0
0
16
25
48
0
9
0
0
15
0
0
0
0
0
0
0
0
0
0
0
33
0
3
4
10
68
0
0
6
0
0
0
0
0
0
0
0
0
0
0
0
0
13
0
0
0
0
0
0
0
12
0
0
0
0
0
0
0
25
0
40
0
0
37
0
0
0
13
0
0
0
0
0
0
0
0
0
0
29
6
0
36
0
0
0
0
0
0
0
30
0
0
0
0
8
28
0
0
0
0
0
11
0
0
0
0
38
0
0
24
0
6
0
0
0
31
0
22
0
0
0
0
17
8
0
0
0
0
0
7
0
0
0
0
7
21
0
27
0
0
33
41
17
0
0
0
18
0
0
0
0
0
14
0
0
18
13
0
0
0
0
18
0
15
0
0
0
0
0
0
0
31
0
0
66
48
0
21
0
0
0
0
0
0
24
9
0
0
0
52
0
0
0
0
0
0
0
0
13
0
0
0
0
0
25
0
7
25
0
0
0
15
0
0
0
0
0
0
0
55
13
2
0
16
0
0
2
2
43
0
25
15
0
0
0
0
5
0
0
0
0
0
3
59
0
0
0
0
4
0
0
0
0
0
21
4
0
0
2
41
0
0
0
15
0
0
0
1
0
0
0
0
0
13
15
0
33
0
1
0
0
4
0
0
5
0
0
0
0
0
9
0
6
0
4
0
0
0
0
0
0
0
0
0
0
0
0
0
0
0
0
0
0
0
0
0
0
0
0
24
0
0
0
0
0
26
0
0
0
0
0
0
0
0
0
0
0
0
0
0
0
14
0
14
0
0
5
0
0
0
0
22
12
0
16
7
0
0
0
0
0
0
0
13
5
0
8
5
0
0
13
0
42
34
29
0
0
0
0
25
28
0
0
0
9
0
0
0
14
8
0
0
0
10
0
0
0
2
0
0
0
31
0
8
11
0
7
17
17
0
0
0
7
0
0
0
0
2
0
3
0
0
0
0
5
0
0
0
0
14
20
0
0
21
0
0
0
0
0
0
15
0
0
0
0
16
0
0
0
0
0
18
12
0
37
5
2
0
0
8
0
0
0
0
0
0
0
0
18
0
15
0
0
0
3
0
28
0
0
54
0
25
0
29
20
0
0
0
0
30
24
0
0
0
0
33
0
10
0
26
4
0
11
20
10
0
22
0
11
0
0
0
0
0
4
0
0
2
0
3
13
0
19
27
28
13
24
14
0
0
0
0
0
0
0
0
4
0
28
0
4
18
0
19
0
13
0
0
0
0
8
37
0
0
20
0
0
15
31
4
0
39
0
8
0
13
1
0
6
0
1
26
6
0
0
0
0
6
28
0
49
0
0
0
0
9
0
0
0
12
4
0
36
0
1
0
0
1
0
0
45
0
0
10
0
0
0
0
0
0
0
0
15
0
18
0
41
0
0
0
0
6
0
2
0
15
0
0
0
0
0
6
18
0
10
1
0
0
7
8
0
17
1
14
0
0
0
29
0
0
18
0
0
0
0
2
9
0
23
0
0
13
0
0
0
0
12
0
0
5
19
0
0
0
0
8
31
24
20
1
0
20
6
0
12
0
0
0
0
0
0
6
0
25
0
0
0
0
26
0
4
0
55
45
0
0
4
0
0
14
0
2
0
0
34
0
0
12
16
0
25
0
0
0
0
0
0
12
0
5
3
0
0
0
3
0
0
0
0
0
0
0
0
1
9
0
0
0
0
0
15
0
39
0
0
0
17
4
10
0
37
0
0
0
0
0
28
0
0
0
0
10
25
0
0
4
1
0
0
0
15
0
0
9
0
68
0
0
0
2
1
0
0
0
3
0
0
0
0
14
0
0
9
0
44
0
0
0
0
28
0
0
20
19
0
0
0
0
0
0
0
0
0
0
0
16
6
1
0
0
0
0
24
25
7
0
0
13
0
0
0
0
1
0
15
28
0
12
0
0
1
0
0
23
0
41
12
0
0
19
0
0
0
9
2
0
23
25
2
0
0
0
0
0
0
0
33
0
18
0
0
12
32
0
63
0
15
0
0
0
0
13
2
0
0
0
16
0
34
0
16
11
1
0
0
8
2
1
0
4
0
27
3
0
0
0
3
0
0
0
0
0
15
0
0
0
0
0
0
11
0
9
0
0
0
6
0
0
0
0
0
37
14
0
0
0
0
9
0
0
0
0
0
0
2
2
1
0
0
0
0
0
7
11
0
0
0
0
11
1
0
32
0
0
0
0
0
0
1
0
21
0
15
22
0
0
14
0
12
19
0
30
35
4
0
43
0
30
0
0
0
28
0
0
0
30
0
18
0
26
0
0
0
0
0
0
4
0
0
0
0
0
31
20
18
0
0
0
22
0
0
18
0
27
0
31
7
5
0
15
17
0
10
17
0
0
0
0
0
0
15
0
11
0
0
0
0
0
0
0
33
58
28
0
0
0
0
0
0
0
0
0
0
0
0
22
0
29
0
0
0
0
0
0
0
28
0
0
0
0
31
14
0
2
0
0
0
37
0
0
8
0
0
3
13
0
0
0
7
0
0
0
22
6
0
0
0
0
4
0
0
0
9
5
19
6
0
0
0
7
0
0
0
0
0
2
11
2
12
0
17
0
0
0
9
0
0
0
34
0
14
0
28
0
35
6
18
21
0
0
2
0
0
23
0
0
1
27
10
24
0
1
4
7
19
17
32
21
0
0
2
0
21
0
0
0
0
9
0
0
0
0
27
0
51
0
3
2
0
0
0
0
0
8
25
7
17
0
0
0
0
0
0
4
0
1
0
0
27
8
22
0
0
25
0
25
15
0
0
0
0
0
4
0
0
0
24
0
0
20
37
0
16
0
0
0
0
3
1
33
0
0
2
12
0
12
0
36
14
12
0
0
0
0
0
26
9
0
24
0
48
24
0
0
0
0
0
0
60
0
0
15
24
25
0
6
0
68
0
10
0
0
0
0
19
0
0
14
19
0
8
0
0
0
0
25
0
0
2
0
0
0
36
0
0
12
7
0
7
0
21
23
12
0
0
0
0
0
0
0
0
0
0
0
0
27
23
9
0
0
0
0
0
48
0
0
0
0
0
0
0
0
0
0
0
0
42
0
17
0
0
8
12
33
0
53
0
14
0
0
0
4
8
10
0
0
15
51
30
0
0
0
0
0
30
23
10
40
11
0
0
12
0
0
15
0
61
41
68
75
0
8
0
0
0
6
0
0
0
0
0
0
0
0
0
0
0
4
0
0
0
0
0
0
7
40
0
0
0
0
2
48
0
0
0
0
8
79
0
44
0
1
17
11
0
0
0
0
19
0
0
0
0
0
0
0
0
16
0
0
0
0
0
0
52
0
0
0
23
15
0
0
60
0
0
0
41
0
14
0
0
0
0
12
0
37
0
13
0
36
0
0
0
0
30
0
0
0
0
0
26
0
26
13
0
22
20
1
8
0
18
0
0
44
21
0
0
0
34
16
0
16
21
53
21
43
0
0
66
0
0
0
0
0
0
0
0
0
6
40
10
0
0
0
0
0
25
0
15
5
0
0
0
57
5
0
6
0
4
0
0
0
0
0
0
0
0
5
0
21
38
0
61
0
5
0
4
0
0
0
57
19
8
0
0
0
2
6
0
0
0
0
0
0
0
21
28
0
0
0
0
19
27
0
18
50
0
0
0
0
16
0
0
15
0
0
0
0
2
0
0
0
0
29
11
0
0
0
0
0
7
0
0
0
24
52
0
10
0
0
0
0
0
0
0
0
0
0
9
35
40
14
38
0
0
0
0
0
13
53
0
0
2
0
9
0
39
48
0
21
0
0
0
10
0
0
0
0
0
28
0
0
36
0
0
8
0
9
2
0
40
0
6
0
0
0
0
0
0
6
23
0
12
0
9
0
11
10
0
0
21
0
0
0
0
8
0
0
0
0
0
0
11
0
0
0
0
0
0
0
0
11
8
0
7
19
0
13
0
4
0
0
21
0
0
0
0
13
29
2
0
18
3
20
5
0
18
0
0
0
5
0
0
0
0
13
0
0
0
34
0
18
0
0
0
0
0
22
0
0
