14
0
0
3
27
39
0
0
39
20
15
19
0
40
0
0
0
0
9
17
61
17
12
9
0
5
0
0
13
39
0
0
36
0
31
41
2
16
0
40
0
0
0
1
0
0
0
0
14
31
18
0
0
5
1
20
32
26
3
29
0
20
33
0
2
0
30
12
35
5
0
0
0
14
20
1
0
29
20
0
23
0
0
0
11
0
50
0
0
0
0
0
0
0
47
35
19
0
42
45
0
3
0
0
25
4
0
0
0
9
0
4
0
47
4
0
0
0
0
38
0
17
11
0
4
27
8
0
0
40
0
22
18
40
0
0
3
0
20
0
7
0
40
0
13
39
42
16
33
0
4
20
1
0
0
7
0
13
11
0
0
7
4
39
28
0
2
10
0
47
27
8
22
6
0
0
9
37
0
0
1
0
6
0
15
23
29
22
0
0
15
0
0
17
0
31
0
2
37
0
2
11
0
1
27
0
0
0
0
0
9
12
13
17
10
0
22
43
0
15
46
11
3
42
33
0
3
27
0
1
0
0
39
0
0
23
15
54
0
16
0
15
0
0
27
0
0
32
0
15
0
0
0
13
0
0
0
0
15
21
0
17
0
62
45
0
34
0
0
0
40
37
0
2
0
1
54
0
0
0
0
19
0
0
30
0
0
0
6
24
0
0
0
28
70
0
24
21
30
0
12
40
0
80
0
42
36
25
0
15
0
0
5
0
0
58
0
40
0
31
16
87
9
0
0
34
0
0
38
54
0
0
5
0
0
61
0
0
24
9
61
14
25
15
18
0
0
9
46
1
0
73
0
0
0
7
0
0
15
0
27
84
0
6
13
50
56
39
0
52
78
0
12
0
0
0
20
50
0
72
0
0
8
0
0
0
2
24
0
0
0
18
0
0
82
5
0
0
25
28
16
0
4
12
19
11
16
72
34
51
0
70
21
0
13
55
10
60
17
0
1
0
0
72
0
39
0
37
0
33
0
0
74
0
0
0
0
70
5
6
0
0
3
12
47
0
48
0
0
21
0
0
0
12
63
0
52
27
51
0
1
31
0
6
33
0
25
17
0
23
86
30
0
0
46
34
0
28
8
68
29
0
9
0
0
0
25
17
27
5
0
0
0
43
0
57
0
0
0
0
0
0
13
0
33
12
29
47
0
18
45
34
6
0
12
47
15
7
0
16
36
0
27
9
0
0
0
29
1
0
5
6
28
28
0
0
0
22
0
3
17
0
0
10
0
16
0
5
0
16
5
0
10
14
0
0
0
19
0
10
0
24
0
7
0
0
0
43
12
7
0
26
0
34
0
0
6
40
0
27
27
4
6
0
13
22
4
21
0
17
0
0
6
0
0
0
29
21
2
0
19
12
0
0
1
0
0
7
3
24
0
2
4
0
8
0
23
25
4
5
3
12
0
1
11
23
14
0
10
2
18
24
6
34
0
29
0
12
30
0
0
0
0
27
0
10
3
9
2
0
16
0
2
0
25
39
0
13
0
0
0
3
0
29
13
5
19
30
0
0
9
13
0
36
8
0
0
0
10
53
0
35
0
23
0
0
0
0
21
4
0
0
8
40
0
0
0
0
0
23
15
0
13
0
0
0
0
0
13
9
4
0
5
2
9
8
0
4
20
10
10
0
9
0
3
0
36
49
0
0
16
0
0
3
0
23
0
0
0
3
0
0
4
23
40
21
0
1
16
40
0
16
0
0
0
0
8
0
7
17
13
0
22
17
0
4
0
0
24
6
0
0
8
4
0
8
3
26
24
0
0
0
31
3
0
19
0
11
35
0
26
0
0
36
0
19
4
0
11
0
32
0
12
1
0
0
0
56
50
30
47
0
0
15
25
0
29
30
23
0
0
17
15
0
0
13
0
0
0
0
49
5
5
0
7
0
0
0
16
1
54
0
20
0
28
0
0
18
23
29
0
0
3
0
42
0
15
13
0
12
0
3
28
44
0
11
27
28
6
0
0
0
13
0
36
44
0
18
19
34
0
5
15
0
0
3
1
0
8
4
19
0
0
2
0
0
2
0
0
3
0
0
17
0
12
0
29
57
0
12
52
0
0
33
0
0
14
47
5
4
27
39
0
8
16
32
0
0
28
37
0
0
42
0
0
0
34
28
40
0
0
0
43
49
16
14
0
40
0
27
2
27
2
18
0
0
15
0
23
0
0
0
0
16
0
1
20
3
42
13
0
0
27
4
36
0
61
0
0
0
0
2
29
0
0
23
47
0
23
50
0
36
19
0
27
9
0
0
0
0
24
0
0
0
0
8
6
30
0
26
0
25
0
53
0
28
0
21
7
0
0
0
39
32
50
0
11
0
14
26
0
13
0
20
0
0
30
29
0
24
0
35
38
11
0
5
7
13
0
17
6
52
0
28
0
8
10
0
14
29
36
0
0
15
5
17
0
0
0
0
2
0
7
7
7
0
32
13
0
25
0
31
0
0
14
0
14
14
1
0
8
12
23
0
23
29
6
0
32
4
14
9
36
1
25
32
0
0
0
8
0
0
0
32
0
5
0
20
33
0
4
29
16
6
17
1
37
12
11
0
51
31
0
0
7
0
21
0
0
0
39
0
20
0
0
0
0
0
24
0
0
3
0
11
0
4
20
0
12
0
0
19
0
0
0
3
5
0
0
64
0
0
0
0
19
3
15
43
0
0
0
13
0
16
33
11
0
0
17
0
29
0
37
0
52
0
19
0
14
15
0
11
0
37
30
0
16
16
21
17
45
0
5
0
0
21
19
9
40
1
40
0
0
0
17
0
0
2
6
0
16
20
29
25
0
0
0
0
0
0
10
57
0
0
19
13
26
7
6
19
6
0
0
5
36
0
20
0
0
41
12
31
21
6
11
36
0
0
2
10
8
20
9
0
0
6
0
0
25
0
22
0
11
68
21
15
0
21
47
0
34
23
0
0
0
35
1
0
17
5
39
51
0
0
0
31
0
0
15
0
0
19
0
10
7
16
9
23
0
4
9
4
0
0
0
19
0
8
0
23
0
1
0
0
0
60
20
6
0
33
0
49
0
0
10
41
0
40
52
3
7
0
6
29
5
35
0
35
0
0
8
0
0
0
37
25
15
0
8
22
0
0
0
0
13
0
7
40
0
4
17
7
15
0
41
34
0
0
5
7
0
0
9
28
4
0
11
0
13
56
1
47
0
34
0
13
49
0
0
0
0
37
3
19
5
0
0
0
9
0
0
0
39
48
0
39
2
0
2
0
1
41
13
0
37
28
0
0
9
22
4
35
9
0
0
0
19
79
0
42
0
24
0
0
0
0
19
13
2
0
14
49
0
7
2
0
6
37
9
0
0
0
0
0
0
0
23
14
0
0
0
0
6
10
0
4
23
11
4
0
16
0
8
0
36
66
0
6
12
0
0
5
0
26
0
0
0
1
0
0
0
40
59
29
0
6
29
60
0
17
0
0
0
0
21
0
1
21
18
0
29
26
0
8
1
0
44
13
30
35
35
0
0
7
23
19
0
9
6
0
0
0
38
0
43
24
0
21
0
7
0
16
38
32
17
0
0
23
0
5
0
33
14
0
2
1
0
8
0
0
0
0
14
0
16
0
0
7
17
6
5
52
0
33
13
6
13
0
0
23
13
0
13
49
8
35
34
32
5
0
28
30
1
22
29
0
25
32
0
0
30
15
0
0
10
25
0
4
0
21
18
1
8
31
0
0
5
56
34
15
0
0
48
18
4
5
8
0
28
0
0
0
37
0
12
38
13
6
13
0
0
0
48
0
0
23
0
25
22
0
27
0
6
0
9
0
6
9
0
0
32
38
31
0
0
0
15
4
25
22
26
3
6
17
20
6
11
31
0
0
0
32
51
16
30
0
19
6
10
0
16
8
0
0
0
0
39
10
2
0
48
37
15
26
34
0
0
64
0
0
11
22
33
24
0
0
31
17
0
0
0
0
15
18
34
0
0
22
0
16
0
0
28
46
0
7
0
0
4
0
0
0
4
17
0
23
23
21
7
0
0
15
35
31
27
17
1
0
4
0
0
13
0
14
19
0
0
26
0
0
8
0
33
0
26
29
53
20
0
43
50
0
0
25
31
0
0
10
40
5
42
0
0
24
0
24
0
0
22
23
3
52
6
0
26
27
13
16
28
0
31
0
0
0
13
0
5
0
0
2
0
28
17
2
0
20
0
53
0
17
28
7
7
0
12
45
0
17
47
45
0
21
0
0
0
15
13
0
0
40
0
6
30
0
10
1
0
26
0
0
0
19
0
22
7
0
18
37
2
0
24
19
0
15
23
43
39
21
19
0
8
9
17
0
36
10
0
5
19
0
16
0
14
8
0
36
38
2
26
0
0
36
0
10
19
6
0
13
0
23
9
0
12
25
0
0
55
0
0
0
0
0
16
54
0
25
6
12
34
0
0
22
17
5
26
15
0
0
36
39
0
0
26
10
23
0
0
7
0
14
0
0
15
7
32
3
0
0
3
0
38
0
0
24
35
7
8
0
0
7
6
0
3
14
0
35
0
0
19
0
0
13
7
23
0
1
5
2
31
38
0
23
0
0
42
19
0
57
26
15
7
0
0
7
0
12
0
7
13
28
24
18
24
0
2
0
36
0
0
0
0
0
0
17
0
15
0
0
10
0
19
0
2
0
0
42
28
0
13
0
42
0
9
10
0
14
0
0
0
0
0
21
0
30
0
41
0
30
8
14
29
20
7
18
4
0
32
0
0
47
10
0
5
30
27
54
0
5
13
34
0
28
0
0
0
11
8
0
57
7
6
16
20
20
14
8
27
0
11
0
44
0
31
0
8
0
41
27
55
24
0
0
31
9
6
0
56
20
0
0
20
63
21
35
0
0
31
0
0
0
22
0
0
27
35
49
0
13
42
18
32
0
6
0
30
0
51
0
39
0
0
17
15
4
0
0
0
0
0
74
0
0
0
31
18
10
48
0
0
0
0
0
8
2
0
0
0
20
17
13
8
60
0
31
51
0
19
41
0
37
15
0
51
0
39
0
0
0
8
25
1
36
47
0
9
27
0
32
40
0
0
0
0
0
19
0
13
0
3
21
69
15
52
0
0
0
15
0
31
11
0
0
0
0
31
0
35
27
0
0
13
0
47
0
0
36
5
0
0
17
0
0
22
26
15
6
0
0
31
0
0
0
0
35
22
0
15
7
42
12
73
54
0
22
32
28
22
0
0
6
39
0
0
0
47
0
19
33
42
12
0
30
39
13
0
22
15
0
0
0
46
18
47
12
4
37
17
14
0
3
38
30
17
36
0
0
19
1
25
56
0
3
0
20
17
0
0
10
0
6
7
0
0
0
7
0
0
19
20
57
8
39
10
0
14
0
35
11
7
0
41
69
6
17
23
0
7
1
32
0
0
45
47
0
35
21
0
0
9
9
11
0
1
31
0
15
0
17
43
32
17
16
32
13
0
65
48
30
24
0
46
17
0
6
0
0
30
0
0
36
21
10
4
62
7
7
16
0
9
1
37
0
0
47
0
19
31
4
36
1
0
0
7
0
40
44
29
0
39
42
34
0
0
0
23
32
12
22
21
0
5
1
18
14
3
16
0
11
24
19
52
11
3
1
22
12
20
7
12
20
0
28
0
0
23
14
25
6
44
52
23
18
19
0
0
39
9
4
26
45
16
8
8
0
0
26
0
20
11
15
26
0
13
0
0
21
0
0
0
0
38
62
0
4
5
2
0
25
3
7
32
34
0
7
0
20
24
2
0
34
38
49
36
3
11
0
12
6
17
0
0
24
4
0
0
15
3
0
0
0
