-8
1
-6
-6
-6
-9
-8
-8
-7
-5
-5
-7
-8
-3
-6
-4
-4
-5
-4
0
-5
-2
-5
-8
-6
-4
-12
-4
-1
-6
4
8
6
3
4
3
5
6
4
0
13
6
11
13
14
11
10
10
11
10
-2
1
2
2
-1
1
0
-2
-1
2
-9
-10
-13
-11
-7
-8
-6
-11
-11
-9
-7
-2
6
-8
-8
-2
-2
2
-2
-4
2
3
2
0
1
5
-4
0
2
2
1
-3
-2
1
-4
-6
-2
-5
-2
-9
1
-1
0
3
-2
-1
0
0
-2
1
6
3
-1
4
5
3
4
3
1
-1
-3
0
0
-3
-5
-1
1
1
-1
-1
3
-2
-2
2
-1
0
-2
-3
-1
-2
-3
-6
-8
-6
-9
-5
-9
-8
-5
-5
-4
-4
-5
-5
-5
-4
-10
-8
-3
-7
-37
27
-10
17
-9
-8
-9
13
19
4
1
-5
-4
0
-3
-2
-5
-6
-6
-2
12
26
0
3
28
-28
49
5
1
-20
-1
-7
-3
-4
-2
-4
-4
-6
-5
-11
-4
-4
-9
-4
-5
-9
-4
-6
-6
-8
13
27
18
-2
-29
-3
43
15
-22
-36
-61
-42
51
15
46
-15
-37
5
16
38
-29
52
-18
27
18
-36
-32
-23
11
20
-4
9
0
1
4
5
1
-9
2
-5
6
43
4
-23
-18
-42
-32
52
-34
19
2
0
-3
1
2
1
3
-1
0
1
-18
10
-15
-14
-14
-13
-6
-15
-8
-8
15
12
7
13
14
15
13
10
11
12
-41
-2
-29
-9
-3
5
-16
11
4
17
-1
37
-31
-26
38
-16
16
-27
-13
21
29
-18
-5
33
-36
-23
-34
-3
7
-10
-6
-3
-1
-2
-5
-2
-1
-2
-3
-1
18
15
15
37
-15
16
-40
36
-13
-26
3
0
7
7
5
4
2
4
5
5
5
8
10
4
6
11
6
8
8
3
9
11
7
11
3
6
13
5
7
8
-9
-10
-9
-12
-11
-11
-9
-11
-13
-13
-13
3
-11
-10
-4
-16
-7
-19
-11
-16
6
1
0
5
3
6
-3
0
2
3
-23
27
7
-2
-6
-2
-17
7
20
0
7
4
-5
3
4
7
0
2
4
5
17
16
21
18
15
16
17
16
20
17
12
7
10
9
12
10
10
9
7
2
20
-27
1
20
-1
21
-1
-3
10
-8
-11
-19
10
35
-28
24
13
5
27
9
23
-35
-14
-6
-14
-30
-2
34
7
33
-7
-7
-12
-7
-9
-8
-5
-7
-8
-4
0
6
10
1
1
1
7
10
4
3
4
40
-48
-16
48
33
-9
45
-29
11
25
-28
9
16
-3
16
16
-4
-9
6
-19
-60
7
0
27
-14
-25
40
7
29
5
2
-4
4
1
6
5
-2
1
7
-18
95
32
-17
41
-33
50
33
-47
-40
6
5
2
3
4
5
1
2
3
7
0
-3
-4
-1
0
0
0
-5
-2
0
-27
18
-10
42
-38
-5
-23
-50
28
-42
16
70
33
31
-13
-22
-23
7
-25
8
-13
-5
-1
-10
-10
-11
-6
-4
-6
-12
-10
-11
-9
-10
-9
-6
-11
-7
-12
-6
-17
-66
15
-8
41
9
4
-41
27
34
-1
-2
-3
-3
-4
-4
1
-4
-5
-5
-16
-25
-22
-13
-8
-24
-36
26
17
21
-4
-3
3
-3
0
2
-1
0
-1
-1
-5
-5
-7
-6
-7
-13
-9
-7
-9
-9
-2
-21
-11
-12
20
-4
4
11
-26
-13
-4
1
3
-6
-2
0
2
5
1
-5
6
14
14
8
3
9
7
12
12
12
-10
43
-22
-29
13
-12
-4
7
-15
5
9
-24
11
0
13
-7
5
-11
-1
-18
2
0
4
2
6
-8
2
9
-6
3
39
36
9
6
-38
-7
-9
17
1
-13
-35
10
-9
12
15
-9
-4
-13
9
7
-8
-17
16
24
16
-2
12
-3
21
5
14
-3
-16
-19
28
-4
-43
53
-7
26
-1
-16
-24
-2
-2
-1
-4
4
-28
19
3
-7
-4
-8
-3
-9
-18
3
-6
-4
-4
-2
-6
-4
-3
-7
-3
-5
-3
-10
6
12
11
22
-12
18
-6
4
15
7
13
16
15
16
15
15
14
17
13
18
4
20
-12
-12
-18
-2
-23
-2
-5
-11
43
-54
-17
15
9
13
-5
42
-18
-14
-10
-6
-6
-7
-10
-5
-9
-4
-3
-2
-39
45
-39
9
5
-20
-14
-23
16
20
48
-48
-25
0
26
41
22
-33
-20
-19
35
3
-10
-12
-20
8
-3
-22
-7
-16
-18
-19
-12
-14
-19
-15
-19
-16
-16
-11
14
14
19
19
13
12
16
13
14
10
-11
1
0
-3
5
3
1
6
0
-3
8
4
8
8
10
7
10
10
7
6
11
9
4
9
8
7
14
9
7
10
5
3
4
7
2
3
7
2
1
0
-11
-14
-11
-10
-16
-13
-14
-14
-9
-5
-13
-21
27
29
-22
33
-15
35
21
-9
7
7
1
4
5
10
3
3
3
3
-5
-2
-1
-4
-3
-3
-3
-2
-1
1
35
-15
11
25
-47
-4
-12
-15
13
-18
11
12
12
13
12
11
17
13
12
10
-48
67
3
26
49
-36
22
61
-6
31
2
-1
-3
3
4
5
-3
-3
0
1
11
12
7
7
10
8
10
11
10
10
-1
1
3
0
-3
-5
2
2
0
2
-45
11
27
15
-1
-2
-35
-1
-4
-9
0
-16
1
-5
-7
-11
-11
-8
-8
-10
24
-21
-3
9
-5
7
8
-6
3
-9
19
38
5
-2
-20
-19
40
4
-6
12
6
5
4
5
11
9
6
6
6
4
10
-15
7
7
-3
2
10
-11
-5
-11
-10
-4
-3
-7
-5
-3
-6
-5
-3
-5
-7
-3
1
-4
-4
-4
-3
-2
-2
-2
21
18
16
19
20
20
15
17
18
16
6
11
6
6
4
5
9
5
8
6
21
-35
24
16
14
-3
31
6
-8
2
-3
-6
-3
0
-6
-2
-4
-6
-4
-4
-2
4
9
2
-1
5
2
7
6
5
30
-34
5
18
-16
27
3
14
14
10
-23
22
5
-12
18
11
9
13
-1
14
24
-9
8
10
-5
7
5
-2
10
-3
1
-19
-15
7
-7
9
15
-23
-1
-6
4
10
22
-20
20
-9
25
11
17
5
-1
-5
-8
-6
-1
0
-6
-5
-3
-2
-2
-1
2
-3
-2
-1
2
-1
-2
-4
14
9
4
12
12
9
13
5
7
8
6
7
7
7
4
7
4
3
8
8
18
15
14
18
15
14
13
14
14
20
8
7
7
7
12
13
8
11
11
11
-3
-8
34
26
12
20
23
22
18
18
4
23
10
-4
-14
-9
-11
-14
8
-20
3
3
1
4
5
3
6
6
1
-2
15
-25
4
14
2
7
11
-6
4
-8
14
-42
6
14
19
21
-37
-6
13
-10
27
18
-28
-31
-7
-21
-14
17
-7
-13
0
-2
1
3
-1
4
3
4
-3
2
16
18
12
14
6
8
20
-12
6
-15
10
6
10
10
8
5
8
8
7
4
4
4
5
8
6
7
5
3
2
3
5
9
7
6
6
4
8
10
7
6
16
15
-4
7
-24
7
3
-24
5
-27
-3
31
6
11
1
17
16
-14
15
-10
-7
-11
-10
-10
-6
-10
-5
-10
-7
-12
14
20
12
-9
-4
-28
-17
34
-9
2
0
-2
-4
1
-2
-2
2
-2
-1
4
5
-3
-1
1
-2
3
-8
-3
0
2
-18
-20
-7
1
0
-14
9
24
-6
19
6
-3
-3
-6
-3
-12
-15
9
-8
0
10
7
6
10
10
5
7
6
7
8
10
0
10
12
9
9
11
10
9
8
14
-32
-34
-18
19
-14
-21
33
-28
18
-2
23
-1
-4
-2
2
-7
-9
-2
-13
-25
8
-1
18
-8
-30
-34
39
-5
23
-4
-2
1
-1
-3
-2
-6
-1
-1
-4
-6
-5
-8
-7
-8
-6
-10
-8
-8
-9
12
6
17
28
11
18
13
11
20
16
-8
-10
-8
-4
-8
-5
-9
-8
-8
-1
-1
-3
1
-1
-4
1
-6
-2
-5
0
4
-24
5
14
2
-4
-5
22
3
1
8
3
7
10
11
14
7
6
8
6
-15
-7
-10
-14
-13
-10
-10
-8
-8
-8
2
1
3
3
-2
5
-5
-3
1
5
7
6
9
7
7
4
5
9
9
4
-2
-10
28
48
-37
23
-48
-5
-38
-29
19
10
2
-20
4
7
35
-38
20
-32
6
2
2
5
10
8
5
4
4
8
8
-1
4
8
5
3
6
7
5
7
-3
-1
-4
-3
-4
1
1
-3
-4
-1
21
19
15
19
28
7
27
-13
14
19
27
4
23
13
-38
-4
4
-35
7
-8
-21
11
5
-7
-13
-13
-16
-24
-3
-19
1
-46
13
4
31
-6
-6
23
-1
15
-1
-3
-2
0
0
0
0
-2
-1
-3
-6
-6
-1
-1
-4
-7
1
-2
-4
-7
10
-6
16
10
16
13
6
9
11
7
6
4
1
6
5
3
2
4
5
8
-15
18
5
12
-22
23
18
11
16
-35
7
7
5
6
8
1
7
5
6
0
46
-45
33
-14
-15
-13
33
10
20
6
-14
-10
-10
-14
-15
-13
-18
-12
-12
-9
33
-27
-27
-18
-7
-13
-20
27
-13
22
11
13
16
14
12
9
10
11
11
10
-21
-42
-36
13
-24
-14
-39
37
-15
-10
4
4
5
5
2
4
-1
2
3
2
-54
43
16
22
-27
21
-33
-8
39
7
-11
-6
-13
13
-28
-1
-3
-23
2
-20
16
-28
8
-8
16
3
26
-12
-2
-16
19
17
11
17
20
18
15
15
11
11
10
10
9
7
7
8
4
9
9
2
-17
45
22
-27
-17
27
24
-9
6
-24
38
10
6
-14
-33
-1
32
1
7
-17
-14
-34
-8
8
-9
4
24
-18
-14
-2
-28
-14
3
14
-22
25
14
26
-4
32
6
7
12
6
7
10
3
7
14
14
0
-4
10
8
-10
-10
-3
0
-7
-8
6
5
3
2
5
1
8
7
3
-1
7
5
3
3
5
6
5
3
3
7
-20
-53
-21
-6
-18
2
-2
-15
-1
-16
-2
-9
-10
-4
-6
-7
-7
-11
-9
-4
9
7
5
7
9
5
9
9
7
5
15
-21
-21
-6
13
11
-25
11
10
-10
-2
-7
-7
-6
-2
-1
-3
-5
-4
-4
-3
20
-8
0
-11
21
4
-5
10
-1
6
4
6
6
8
9
9
7
7
4
-7
23
-16
-15
-2
12
-17
13
9
-6
9
5
10
9
3
11
4
7
8
13
-1
-9
-8
-2
-4
-5
-5
-7
-9
-8
19
16
11
14
20
18
17
15
18
20
19
13
11
24
-41
0
13
-31
32
-12
-31
-12
-20
-28
11
-19
-16
30
-16
12
-5
5
2
11
-9
-1
8
-6
6
-4
-17
-19
-18
-17
-18
-17
-19
-19
-20
-16
5
9
15
7
9
8
7
12
9
7
-10
-13
-14
-11
-11
-9
-11
-13
-10
-9
-13
-6
-7
-11
-7
-6
-6
-7
-10
-10
0
3
0
1
-2
-1
5
-1
-1
1
22
48
-12
-10
-30
4
-31
-20
-12
-6
5
-14
4
-23
9
-25
-11
8
-13
2
0
35
10
-12
-20
19
-11
-29
8
-14
-6
-3
2
-5
-6
-2
-5
-3
-2
-5
1
3
-29
-9
-19
25
-3
-4
15
3
3
8
7
5
5
9
7
6
6
8
-11
25
-33
17
36
-5
17
0
-34
-4
5
8
9
8
2
8
4
10
6
6
0
8
11
2
4
2
6
10
5
-1
-12
-35
0
-14
-11
-27
-27
5
-20
-13
-2
-1
0
-1
-2
1
1
-1
-3
-3
-8
-6
-8
-4
-7
-8
-5
-10
-6
-9
0
-3
5
0
-2
-2
-2
-1
-1
-6
24
-48
3
12
9
18
-39
8
29
-10
11
16
-8
-5
-17
-8
-21
-20
2
-23
3
7
7
3
4
5
1
6
11
2
-4
-8
-15
-9
-9
-4
-8
-11
-11
-4
3
-4
-5
0
-1
0
-4
-5
-3
0
20
-2
-11
4
-11
3
-24
-21
3
9
-12
-16
-19
-13
-8
-13
-15
-13
-16
-13
-3
-1
1
-4
-2
-2
4
1
0
-2
21
17
22
21
21
24
16
23
19
19
-1
-40
-28
23
6
-11
-30
33
-12
42
42
-25
2
-14
-4
5
20
-45
2
-30
8
4
-15
3
5
4
15
-12
-15
-4
22
21
15
13
3
13
3
13
22
20
13
15
13
11
10
14
12
14
11
11
-42
34
-20
3
-2
12
22
34
18
19
40
-8
-8
-1
-17
16
-27
-27
7
-17
0
0
-4
-3
1
-7
2
-2
-4
-7
5
-3
27
-1
-16
-16
46
-40
12
-15
-2
-3
-2
0
0
-2
0
-4
-2
2
-11
-79
-12
-2
-9
12
-38
3
33
19
-10
-4
-22
6
-7
6
3
11
3
17
-9
-13
-17
-11
-16
-16
-15
-14
-11
-11
-6
-6
-6
-4
-4
-10
-1
-5
-7
-10
-7
-9
-9
-6
-3
-8
-7
-5
-7
-11
13
17
13
14
12
14
12
18
15
17
-17
27
18
7
7
0
-5
-17
14
-13
3
-1
-5
3
6
3
4
0
1
-1
-7
-8
-11
-8
-5
-9
-6
-7
-10
-14
-4
-9
-2
-8
-3
-9
-3
-6
-7
-3
2
2
2
1
0
5
2
2
1
7
