-61
-40
17
56
48
10
-24
25
31
5
-33
13
-52
11
-3
37
-57
54
-66
26
-15
11
35
-82
58
-1
-23
-35
-7
12
-30
-83
-26
54
9
23
-51
-24
-34
37
-27
-9
-52
-1
8
-16
-98
-28
-10
50
45
3
14
17
-3
-4
-42
1
38
38
-8
20
-64
19
-24
49
14
-50
10
-26
2
-37
-31
-84
20
38
3
-22
2
-9
49
10
-26
-64
28
31
3
-4
62
-3
-44
-14
-26
48
35
9
-64
-39
-27
51
-37
-14
81
-13
-35
-59
5
34
5
26
-7
-29
-4
-28
4
-6
85
-64
-10
-41
47
19
-5
-20
-41
-41
22
-41
-15
-45
24
-48
-31
32
58
-6
-22
-47
44
-27
-31
-37
-34
-45
-7
-4
-47
-8
85
-41
13
76
-12
-24
40
-47
66
-43
46
-12
81
-45
36
-112
37
-56
-32
-14
-8
-10
-31
14
-15
38
-24
-74
-14
-40
0
-2
-46
33
-27
-20
50
-20
86
-46
20
70
9
-12
-17
25
5
1
20
2
32
49
-15
46
-44
-37
22
-92
3
-57
-5
-12
7
37
11
28
-11
67
23
0
-7
11
-20
17
-1
40
-56
15
-11
-36
22
31
20
-40
41
-89
11
-22
-26
23
-49
2
-4
-10
-27
-67
-1
-14
-29
-19
-52
16
-14
13
-14
16
-14
41
